40 40 
1111111111111111111111111111111111111111
1200000000000000000000000000000000000001
1000000000000000000000000000000000000001
1000000000000000000000000000000000000001
1000111111111111111111111111111111110001
1000100000000000000000000000000000010001
1000100000000000000000000000000000010001
1000100000000000000000000000000000010001
1000100000000000000000000000000000010001
1000100000000000000000000000000000010001
1000100000000000000000000000000000010001
1000100000000000000000000000000000010001
1000100000000000000000000000000000010001
1000100000000000000000000000000000010001
1000100000000000000000000000000000010001
1000100000000000000000000000000000010001
1000100000000000000000000000000000010001
1000100000000000000000000000000000010001
1000100000000000000000000000000000010001
1000100000000000000000000000000000010001
1000100000000000000000000000000000010001
1000100000000000000000000000000000010001
1000100000000000000000000000000000010001
1000100000000000000000000000000000010001
1000100000000000000000000000000000010001
1000100000000000000000000000000000010001
1000100000000000000000000000000000010001
1000100000000000000000000000000000010001
1000100000000000000000000000000000010001
1000100000000000000000000000000000010001
1000100000000000000000000000000000010001
1000100000000000000000000000000000010001
1000100000000000000000000000000000010001
1000100000000000000000000000000000010001
1000100000000000000000000000000000010001
1000111111111111111111111111111111110001
1000000000000000000000000000000000000001
1000000000000000000000000000000000000001
1000000000000000000000000000000000000031
1111111111111111111111111111111111111111
